0	18.2	6.3	0	#8FDDF4
1	1.4	18.3	0	#8DD631
2	2.4	4.3	0	#A5A5A5
3	15.5	28	7	#8FDDF460
4	9	28	5	#8DD63160
5	16.9	2.1	24	#8FDDF460
6	8.6	19.9	3	#8DD63160
7	18.4	29.9	23	#8FDDF460
8	3.9	10.8	3	#A5A5A560
9	14.8	7.6	26	#8FDDF460
10	2.4	25.1	24	#8DD63160
11	18.4	11.9	16	#8FDDF460
12	14.9	17.2	21	#8FDDF460
13	7.1	0.5	6	#A5A5A560
14	13.4	24.8	17	#8FDDF460
15	17.5	29.4	27	#8FDDF460
16	16.7	9.5	27	#8FDDF460
17	12.4	26.7	1	#8DD63160
18	25.7	6.3	6	#8FDDF460
19	11.6	24	27	#8FDDF460
20	10.2	3	23	#A5A5A560
21	3.5	26.2	18	#8DD63160
22	17.9	19.4	13	#8FDDF460
23	3.8	7.8	1	#A5A5A560
24	14.2	19.6	13	#8FDDF460
25	15.9	5.5	21	#8FDDF460
26	1.3	19.3	23	#8DD63160
27	20.5	25.3	16	#8FDDF460
28	16.8	19.8	8	#8FDDF460
29	27.5	17.7	24	#8FDDF460
30	19.4	20.7	15	#8FDDF460
31	20.5	14	24	#8FDDF460
32	20.9	7.7	8	#8FDDF460
33	2.8	25.4	5	#8DD63160
34	16.1	19.7	3	#8FDDF460
35	0.4	1.1	9	#A5A5A560
36	13.6	9.4	11	#8FDDF460
37	0.3	9.2	7	#A5A5A560
38	0.5	23.4	10	#8DD63160
39	22.7	23.1	13	#8FDDF460
40	19.1	20.2	13	#8FDDF460
41	7	21.4	8	#8DD63160
42	28.9	0.9	24	#8FDDF460
43	19.6	2.1	14	#8FDDF460
44	22.8	15.4	27	#8FDDF460
45	13.5	8.1	1	#8FDDF460
46	0.5	11.1	5	#A5A5A560
47	4.3	23.1	20	#8DD63160
48	19.7	25.6	5	#8FDDF460
49	16.3	3.7	3	#8FDDF460
50	7.1	25.9	13	#8DD63160
51	1	13.5	6	#8FDDF460
52	17.5	2.6	28	#8FDDF460
53	23.5	17.8	5	#8FDDF460
54	12	15.2	17	#8FDDF460
55	22.9	14.8	2	#8FDDF460
56	28.5	6.1	23	#8FDDF460
57	6.5	19.4	17	#8DD63160
58	26.9	25.8	6	#8FDDF460
59	21.5	10.3	21	#8FDDF460
60	29.1	2.6	18	#8FDDF460
61	22.5	18.3	14	#8FDDF460
62	4.5	7.8	7	#A5A5A560
63	21.6	23.2	4	#8FDDF460
64	6.8	21.1	13	#8DD63160
65	6.5	2.5	25	#A5A5A560
66	26.7	3.4	27	#8FDDF460
67	7	28.1	1	#8DD63160
68	20.3	3.9	2	#8FDDF460
69	17	12.3	17	#8FDDF460
70	0.2	24.8	3	#8DD63160
71	14	18.5	4	#8FDDF460
72	1.9	3.3	13	#A5A5A560
73	14.2	23.8	1	#8FDDF460
74	27.2	12	16	#8FDDF460
75	22.1	7.7	10	#8FDDF460
76	3.1	21	13	#8DD63160
77	12.7	26	3	#8FDDF460
78	3.7	14.3	21	#8FDDF460
79	26.9	13.1	24	#8FDDF460
80	1.6	19.8	19	#8DD63160
81	19	14.4	13	#8FDDF460
82	14.2	18.8	19	#8FDDF460
83	20.5	13.6	8	#8FDDF460
84	3.3	17.9	1	#8DD63160
85	28.7	20.9	29	#8FDDF460
86	7.5	6.6	24	#A5A5A560
87	12.2	16.1	1	#8FDDF460
88	17.5	1	10	#8FDDF460
89	10.3	6.2	11	#8FDDF460
90	13.6	21.1	17	#8FDDF460
91	0.3	14.4	13	#8DD63160
92	12.6	26.6	16	#8FDDF460
93	21.6	24.1	2	#8FDDF460
94	14.5	0.3	22	#8FDDF460
95	25.6	22.9	2	#8FDDF460
96	10.9	4.1	8	#8FDDF460
97	26.6	20	28	#8FDDF460
98	18.6	4.3	24	#8FDDF460
99	7.3	16.3	12	#8FDDF460
100	4.3	9.5	5	#A5A5A560
101	-5.1	11.3	35	#A5A5A560
102	-5.1	13.3	35	#A5A5A560
103	-5.1	15.3	35	#8DD63160
104	-5.1	17.3	35	#8DD63160
105	-5.1	19.3	35	#8DD63160
106	-5.1	21.3	35	#8DD63160
107	-5.1	23.3	35	#8DD63160
108	-5.1	25.3	35	#8DD63160
109	-3.1	11.3	35	#A5A5A560
110	-3.1	13.3	25	#A5A5A560
111	-3.1	15.3	25	#8DD63160
112	-3.1	17.3	25	#8DD63160
113	-3.1	19.3	25	#8DD63160
114	-3.1	21.3	25	#8DD63160
115	-3.1	23.3	25	#8DD63160
116	-3.1	25.3	35	#8DD63160
117	-1.1	11.3	35	#A5A5A560
118	-1.1	13.3	25	#A5A5A560
119	-1.1	15.3	15	#8DD63160
120	-1.1	17.3	15	#8DD63160
121	-1.1	19.3	15	#8DD63160
122	-1.1	21.3	15	#8DD63160
123	-1.1	23.3	25	#8DD63160
124	-1.1	25.3	35	#8DD63160
125	0.9	11.3	35	#A5A5A560
126	0.9	13.3	25	#A5A5A560
127	0.9	15.3	15	#8DD63160
128	0.9	17.3	5	#8DD63160
129	0.9	19.3	5	#8DD63160
130	0.9	21.3	15	#8DD63160
131	0.9	23.3	25	#8DD63160
132	0.9	25.3	35	#8DD63160
133	2.9	11.3	35	#A5A5A560
134	2.9	13.3	25	#A5A5A560
135	2.9	15.3	15	#8DD63160
136	2.9	17.3	5	#8DD63160
137	2.9	19.3	5	#8DD63160
138	2.9	21.3	15	#8DD63160
139	2.9	23.3	25	#8DD63160
140	2.9	25.3	35	#8DD63160
141	4.9	11.3	35	#A5A5A560
142	4.9	13.3	25	#A5A5A560
143	4.9	15.3	15	#8DD63160
144	4.9	17.3	15	#8DD63160
145	4.9	19.3	15	#8DD63160
146	4.9	21.3	15	#8DD63160
147	4.9	23.3	25	#8DD63160
148	4.9	25.3	35	#8DD63160
149	6.9	11.3	35	#A5A5A560
150	6.9	13.3	25	#A5A5A560
151	6.9	15.3	25	#8FDDF460
152	6.9	17.3	25	#8DD63160
153	6.9	19.3	25	#8DD63160
154	6.9	21.3	25	#8DD63160
155	6.9	23.3	25	#8DD63160
156	6.9	25.3	35	#8DD63160
157	8.9	11.3	35	#A5A5A560
158	8.9	13.3	35	#8FDDF460
159	8.9	15.3	35	#8FDDF460
160	8.9	17.3	35	#8FDDF460
161	8.9	19.3	35	#8DD63160
162	8.9	21.3	35	#8DD63160
163	8.9	23.3	35	#8DD63160
164	8.9	25.3	35	#8DD63160
165	1.4	5.3	6	#A5A5A560
166	3.4	5.3	6	#A5A5A560
167	0.4	6.3	12	#A5A5A560
168	2.4	6.3	6	#A5A5A560
169	4.4	6.3	12	#A5A5A560
170	-0.6	7.3	18	#A5A5A560
171	1.4	7.3	12	#A5A5A560
172	3.4	7.3	12	#A5A5A560
173	5.4	7.3	18	#A5A5A560
174	-1.6	8.3	24	#A5A5A560
175	0.4	8.3	18	#A5A5A560
176	2.4	8.3	12	#A5A5A560
177	4.4	8.3	18	#A5A5A560
178	6.4	8.3	24	#A5A5A560
179	-2.6	9.3	30	#A5A5A560
180	-0.6	9.3	24	#A5A5A560
181	1.4	9.3	18	#A5A5A560
182	3.4	9.3	18	#A5A5A560
183	5.4	9.3	24	#A5A5A560
184	7.4	9.3	30	#A5A5A560
185	-3.6	10.3	36	#A5A5A560
186	-1.6	10.3	30	#A5A5A560
187	0.4	10.3	24	#A5A5A560
188	2.4	10.3	18	#A5A5A560
189	4.4	10.3	24	#A5A5A560
190	6.4	10.3	30	#A5A5A560
191	8.4	10.3	36	#A5A5A560
192	-4.6	11.3	42	#A5A5A560
193	-2.6	11.3	36	#A5A5A560
194	-0.6	11.3	30	#A5A5A560
195	1.4	11.3	24	#A5A5A560
196	3.4	11.3	24	#A5A5A560
197	5.4	11.3	30	#A5A5A560
198	7.4	11.3	36	#A5A5A560
199	9.4	11.3	42	#A5A5A560
200	-3.6	12.3	36	#A5A5A560
201	-1.6	12.3	30	#A5A5A560
202	0.4	12.3	24	#A5A5A560
203	2.4	12.3	18	#A5A5A560
204	4.4	12.3	24	#A5A5A560
205	6.4	12.3	30	#A5A5A560
206	8.4	12.3	36	#8FDDF460
207	-2.6	13.3	30	#A5A5A560
208	-0.6	13.3	24	#8DD63160
209	1.4	13.3	18	#A5A5A560
210	3.4	13.3	18	#A5A5A560
211	5.4	13.3	24	#A5A5A560
212	7.4	13.3	30	#8FDDF460
213	-1.6	14.3	24	#8DD63160
214	0.4	14.3	18	#8DD63160
215	2.4	14.3	12	#8FDDF460
216	4.4	14.3	18	#8FDDF460
217	6.4	14.3	24	#8FDDF460
218	-0.6	15.3	18	#8DD63160
219	1.4	15.3	12	#8DD63160
220	3.4	15.3	12	#8DD63160
221	5.4	15.3	18	#8DD63160
222	0.4	16.3	12	#8DD63160
223	2.4	16.3	6	#8DD63160
224	4.4	16.3	12	#8DD63160
225	1.4	17.3	6	#8DD63160
226	3.4	17.3	6	#8DD63160
227	2.4	18.3	0	#F78181
